QT5, 2339, 2334, 0, 1
QT5, 2347, 2342, 0, 1
QT5, 2330, 2325, 0, 1
QT5, 2365, 2360, 0, 1
QT5, 2361, 2356, 0, 1
QT5, 2339, 2334, 0, 1
